$ANSIBLE_VAULT;1.1;ABC123
12345678901234567890123456789012345678901234567890123456789012345678901234567890
0123456788901234567890123456789012345678901234567b012345678901234567890123456789
12345678901234567890123456789012345678901234567890123456789012345678901234567890
0123456789012345678c012345678901234567890123456789012345678901234567890123456789
12345678901234567890123456789012345678901234567890123456789012345678901234567890
12345678901234567890123456789012345678901234567890123456789012345678901234567890
12345678901234567890123456789012345678901234567890123456789012345678901234567890
12345678901234567890123456789012345678901234567890123456789012345678901234567890
12345678901234567890123456789012345678901234567890123456789012345678901234567890
12345678901234567890123456789012345678901234567890123456789012345678901234567890
12345678901234567890123456789012345678901234567890123456789012345678901234567890
12345678901234567890123456789012345678901234567890123456789012345678901234567890
12345678901234567890123456789012345678901234567890123456789012345678901234567890
12345678901234567890123456789012345678901234567890123456789012345678901234567890
12345678901234567890123456789012345678901234567890123456789012345678901234567890
12345678901234567890